"","1","2","3","4","5","6","7","8","9","10","11","12","13","14","15","16","17","18","19","20"
"fin_0355-2047_1905-01-01_1-00001_751676.txt.lemmatized",8.14795252396258e-05,0.0546000604233869,8.14795252473358e-05,8.14795252397093e-05,8.14795252438618e-05,8.14795252417372e-05,8.1479525245522e-05,8.14795252493446e-05,8.14795252481061e-05,8.14795252415931e-05,8.14795252473481e-05,0.794008076356821,0.123772493676367,8.14795252364776e-05,8.1479525234084e-05,0.0263156971395314,8.14795252463923e-05,8.14795252390914e-05,8.14795252462412e-05,8.14795252469582e-05
"fin_0355-2047_1905-01-01_1-00002_751676.txt.lemmatized",0.000132928443183964,0.890479858938189,0.000132928443205407,0.000132928443182976,0.000132928443193195,0.000132928443192248,0.000132928443188354,0.000132928443195944,0.00013292844318156,0.000132928443188598,0.000132928443183643,0.107127429084333,0.000132928443191113,0.000132928443186044,0.000132928443190851,0.000132928443203689,0.000132928443202898,0.000132928443192611,0.000132928443192348,0.000132928443222041
"fin_0355-2047_1905-01-01_1-00003_751676.txt.lemmatized",0.0477004455584303,0.135585136085453,3.58580921258277e-05,3.58580921252575e-05,3.58580921259414e-05,3.58580921274737e-05,3.58580921285841e-05,3.58580921263336e-05,3.5858092127272e-05,0.453511240943032,3.58580921288162e-05,3.5858092126098e-05,3.58580921277266e-05,3.5858092129463e-05,3.58580921245285e-05,3.58580921270709e-05,3.58580921303069e-05,0.362629447939047,3.58580921298416e-05,3.58580921266459e-05
"fin_0355-2047_1905-01-01_1-00004_751676.txt.lemmatized",0.130100007404468,2.64364644044815e-05,2.64364644063224e-05,2.64364644066236e-05,2.64364644071596e-05,2.64364644061661e-05,2.64364644065351e-05,2.64364644096951e-05,2.64364644073243e-05,0.269529766655101,2.64364644065459e-05,2.64364644083395e-05,0.267247223501921,2.64364644076234e-05,0.0064424319319388,2.64364644081734e-05,0.254188805683541,2.64364644042087e-05,2.64364644075341e-05,0.0721216543213329
"fin_0355-2047_1905-01-01_1-00005_751676.txt.lemmatized",0.185145762210093,2.12499487288015e-05,2.12499487293801e-05,2.12499487317154e-05,2.12499487321334e-05,2.12499487301403e-05,2.12499487317224e-05,2.12499487300004e-05,2.12499487321357e-05,0.551628768486574,0.108956970736396,2.12499487303824e-05,2.12499487328968e-05,2.12499487326201e-05,2.12499487297242e-05,2.12499487304976e-05,0.153928499387242,2.12499487285933e-05,2.12499487320294e-05,2.12499487320806e-05
"fin_0355-2047_1905-01-01_1-00006_751676.txt.lemmatized",0.300898250423468,0.0403423977759667,0.0237684512951982,0.182752376750962,0.0940755655147037,2.78724278542332e-05,0.00834395849202489,2.78724278531505e-05,2.78724278532137e-05,2.78724278530707e-05,0.0215462862269285,2.78724278555028e-05,2.78724278543753e-05,0.213221510552737,2.78724278553977e-05,2.78724278557045e-05,0.0686733333146094,2.78724278551901e-05,0.0460991453748556,2.78724278551733e-05
"fin_0355-2047_1905-01-01_1-00007_751676.txt.lemmatized",5.81607750396077e-05,0.0217204518775397,0.0908113080110305,0.0411382373771367,5.81607750409157e-05,5.81607750380069e-05,5.81607750370547e-05,0.0514203041284519,0.218292382578822,5.81607750388179e-05,5.81607750404195e-05,5.81607750402675e-05,5.81607750401833e-05,0.251205940464882,5.81607750343932e-05,0.0246285274151774,0.3000849188465,5.81607750321809e-05,5.81607750382461e-05,5.81607750396316e-05
"fin_0355-2047_1905-01-01_1-00008_751676.txt.lemmatized",4.18965267627148e-05,4.18965267728783e-05,0.379242288585206,4.18965267638954e-05,4.18965267661533e-05,4.18965267658329e-05,4.18965267677479e-05,4.18965267641457e-05,4.18965267641172e-05,4.1896526766065e-05,4.18965267642394e-05,4.18965267694295e-05,4.18965267654199e-05,4.1896526762731e-05,0.620003573933012,4.18965267653092e-05,4.18965267673261e-05,4.18965267635846e-05,4.18965267634088e-05,4.18965267666417e-05
"fin_0355-2047_1905-01-03_2-00001_751678.txt.lemmatized",7.46626557255575e-05,0.253686606578014,7.46626557327857e-05,7.46626557293826e-05,7.46626557287251e-05,0.0260837093737279,7.46626557307145e-05,7.46626557318493e-05,7.46626557331531e-05,7.4662655736766e-05,7.46626557280129e-05,0.643881244239995,7.46626557351954e-05,7.46626557264361e-05,7.46626557361818e-05,7.46626557360998e-05,0.0751538373165531,7.46626557307512e-05,7.46626557326003e-05,7.46626557354373e-05
"fin_0355-2047_1905-01-03_2-00002_751678.txt.lemmatized",3.55783929203971e-05,0.102600477951285,3.55783929177475e-05,0.0174531538332936,3.55783929185591e-05,3.55783929202865e-05,3.55783929190558e-05,3.55783929213015e-05,3.55783929194732e-05,0.513165616365881,3.55783929197503e-05,3.55783929188587e-05,0.0383017024490499,3.55783929204614e-05,3.55783929157109e-05,3.55783929169225e-05,0.0292919516492899,0.298689000250334,3.55783929193708e-05,3.55783929191615e-05
"fin_0355-2047_1905-01-03_2-00003_751678.txt.lemmatized",0.334492125415936,2.69395795761517e-05,2.69395795734898e-05,2.69395795735954e-05,0.0891895661183441,0.0832261948964658,2.69395795727467e-05,2.69395795734334e-05,2.6939579573756e-05,2.69395795735548e-05,2.69395795734732e-05,2.69395795763256e-05,0.0637102984588023,0.136252398665456,2.69395795755598e-05,2.6939579573833e-05,2.69395795736807e-05,2.69395795718413e-05,2.69395795736401e-05,0.292752262330961
"fin_0355-2047_1905-01-03_2-00004_751678.txt.lemmatized",0.32785728902843,2.11732270354769e-05,2.11732270335377e-05,2.11732270334335e-05,0.141493698462805,2.11732270332146e-05,0.0196831201606533,2.11732270334017e-05,2.11732270334198e-05,0.411433620358166,0.040184331602757,2.11732270338813e-05,2.11732270340712e-05,0.0299657770974897,2.11732270343326e-05,2.11732270355371e-05,0.0291069113382567,2.11732270324791e-05,2.11732270353786e-05,2.11732270345874e-05
"fin_0355-2047_1905-01-03_2-00005_751678.txt.lemmatized",0.140689586533787,2.96436124424861e-05,2.96436124409359e-05,0.125780887615987,2.96436124428962e-05,2.96436124426253e-05,0.0174773386369061,0.00310972759375701,2.96436124428372e-05,0.0606290834385335,0.0395254379435494,2.96436124414069e-05,2.96436124434968e-05,0.345308068241741,2.96436124394497e-05,2.96436124416627e-05,0.173033898559481,2.96436124391113e-05,0.0843655692619643,0.00978396604987698
"fin_0355-2047_1905-01-03_2-00006_751678.txt.lemmatized",2.78724278546393e-05,2.78724278500734e-05,2.78724278501662e-05,0.423537563721208,2.78724278521764e-05,2.78724278508187e-05,2.78724278521231e-05,2.78724278509021e-05,2.78724278553667e-05,0.0331478802387284,2.78724278538594e-05,2.78724278506173e-05,2.7872427854822e-05,0.542840724766584,2.78724278493123e-05,2.78724278500192e-05,2.78724278535473e-05,2.78724278472035e-05,2.78724278517172e-05,2.7872427851679e-05
"fin_0355-2047_1905-01-03_2-00007_751678.txt.lemmatized",0.0787003889018829,2.84125833237399e-05,2.84125833237404e-05,2.84125833238831e-05,0.068445929448232,2.84125833235569e-05,2.84125833236519e-05,2.84125833242774e-05,2.84125833240044e-05,2.84125833272077e-05,0.12207026433781,2.84125833242207e-05,2.84125833241459e-05,0.191376371787286,2.84125833218791e-05,0.385979445478746,0.146784642331885,0.0062735941309451,2.84125833259831e-05,2.84125833237874e-05
"fin_0355-2047_1905-01-03_2-00008_751678.txt.lemmatized",2.74622159289238e-05,2.7462215926478e-05,2.74622159251837e-05,2.74622159246178e-05,2.74622159251656e-05,2.74622159281922e-05,2.74622159250207e-05,2.74622159262485e-05,2.74622159245105e-05,2.74622159253774e-05,2.74622159251191e-05,2.74622159270045e-05,2.74622159250835e-05,2.7462215928327e-05,0.43984172958598,0.550519708079615,0.00917170466366252,2.74622159266511e-05,2.74622159244932e-05,2.7462215926283e-05
"fin_0355-2047_1905-01-04_3-00001_751679.txt.lemmatized",7.94300075456709e-05,0.286321679861125,7.94300075447174e-05,7.94300075485626e-05,7.94300075479676e-05,7.94300075470844e-05,7.94300075510305e-05,7.94300075531565e-05,7.94300075507471e-05,7.94300075532893e-05,7.94300075498511e-05,0.668199883451615,0.0340632620630347,7.94300075475265e-05,7.94300075468609e-05,7.94300075553063e-05,7.94300075542276e-05,7.94300075400632e-05,7.94300075501933e-05,0.0101442945034387
"fin_0355-2047_1905-01-04_3-00002_751679.txt.lemmatized",0.167807750568816,0.0601752224622781,3.71227322153275e-05,3.71227322216012e-05,3.71227322134089e-05,3.712273221649e-05,3.71227322173745e-05,0.00718309195727505,0.0784740364006891,3.71227322184672e-05,3.71227322160511e-05,3.71227322155128e-05,0.135275527680932,3.71227322175234e-05,3.71227322140068e-05,3.7122732215002e-05,3.71227322166603e-05,0.255014874383658,0.0932187345798874,0.202405289179866
"fin_0355-2047_1905-01-04_3-00003_751679.txt.lemmatized",0.287665642510816,2.56919248847154e-05,2.56919248857418e-05,2.56919248848966e-05,0.110847808401444,2.56919248837083e-05,2.56919248844762e-05,2.56919248838411e-05,2.56919248844005e-05,2.56919248856194e-05,0.147259882780263,2.56919248849249e-05,2.5691924884878e-05,0.283511054319678,2.56919248851858e-05,2.56919248858695e-05,2.56919248848718e-05,2.56919248840873e-05,2.56919248858994e-05,0.170330233114527
"fin_0355-2047_1905-01-04_3-00004_751679.txt.lemmatized",0.358353191552765,1.80617379370104e-05,1.80617379354302e-05,1.80617379361854e-05,1.80617379366281e-05,1.8061737936545e-05,1.80617379362775e-05,1.80617379360966e-05,0.0378329996534242,0.476293752071435,0.0849587622005132,1.80617379361767e-05,1.80617379374358e-05,0.0149350120192114,1.80617379346337e-05,1.80617379373315e-05,0.027373418171541,1.80617379356703e-05,1.80617379368418e-05,1.80617379372671e-05
"fin_0355-2047_1905-01-04_3-00005_751679.txt.lemmatized",0.150130986264259,3.31908149602116e-05,3.31908149591007e-05,3.31908149568025e-05,0.056667172870936,3.31908149567129e-05,3.31908149603435e-05,3.31908149589133e-05,3.31908149572832e-05,0.0195222248512993,0.005292293797032,3.31908149596427e-05,0.130396769810565,0.362615337604086,3.31908149568631e-05,0.0296967473021272,0.211927821652377,3.31908149579093e-05,3.31908149606476e-05,0.0333855468827737
"fin_0355-2047_1905-01-04_3-00006_751679.txt.lemmatized",3.07309864135543e-05,3.07309864101864e-05,3.07309864105187e-05,0.343371909781723,3.0730986412272e-05,3.07309864095774e-05,3.07309864112975e-05,3.07309864121343e-05,3.07309864119756e-05,3.07309864115273e-05,3.07309864131711e-05,3.07309864107519e-05,3.07309864111975e-05,0.656074932462878,3.07309864078842e-05,3.07309864100582e-05,3.07309864124429e-05,3.07309864087677e-05,3.07309864112505e-05,3.07309864098499e-05
"fin_0355-2047_1905-01-04_3-00007_751679.txt.lemmatized",2.75358993953383e-05,0.00942476906829887,2.75358993955087e-05,0.035742711881117,2.75358993952418e-05,2.75358993970065e-05,2.75358993944529e-05,0.0756847203137502,0.110590635268982,2.75358993939208e-05,2.75358993949704e-05,0.0206458434179624,2.75358993942185e-05,0.060315044156173,0.0194070723581801,0.561735661176459,0.106150647465733,2.75358993947357e-05,2.75358993950148e-05,2.75358993947505e-05
"fin_0355-2047_1905-01-04_3-00008_751679.txt.lemmatized",3.37918894431301e-05,3.37918894484265e-05,3.37918894501621e-05,3.37918894429716e-05,3.37918894440687e-05,0.444809440812096,3.37918894445705e-05,3.3791889445183e-05,3.37918894430415e-05,3.37918894433026e-05,3.37918894434384e-05,3.3791889447514e-05,3.37918894437302e-05,3.37918894431799e-05,0.554582305177894,3.37918894452095e-05,3.37918894449236e-05,3.37918894484199e-05,3.37918894439347e-05,3.37918894446478e-05
"fin_0355-2047_1905-01-05_4-00001_751680.txt.lemmatized",8.29615069950928e-05,0.155664523467949,8.29615069935808e-05,8.29615069905243e-05,8.29615069963877e-05,8.29615069958235e-05,8.29615070003234e-05,8.2961506997851e-05,8.29615069983226e-05,8.29615069993583e-05,8.29615070027468e-05,0.679076418168447,0.0582828405082303,8.29615069902279e-05,8.29615069911477e-05,0.105648833743426,8.29615070060968e-05,8.29615069955568e-05,8.29615069944318e-05,8.29615069997748e-05
"fin_0355-2047_1905-01-05_4-00002_751680.txt.lemmatized",0.0446989764288891,0.163971982158897,3.90657369959271e-05,3.90657370042873e-05,3.90657369954929e-05,3.90657369947372e-05,3.90657369958327e-05,3.90657369954959e-05,3.90657369999252e-05,0.262145091932812,0.174325537562385,3.90657369966973e-05,0.0497126959464749,3.90657370019861e-05,3.90657369929632e-05,3.90657369957694e-05,3.90657370011673e-05,0.304598795652576,3.90657369976381e-05,3.90657369977013e-05
"fin_0355-2047_1905-01-05_4-00003_751680.txt.lemmatized",0.463748541516966,2.61835356845908e-05,2.618353568205e-05,2.61835356863043e-05,0.185962407531681,2.61835356854283e-05,2.61835356849369e-05,2.61835356821522e-05,2.6183535685244e-05,0.123279958981472,0.136356553396104,2.6183535683189e-05,2.61835356851053e-05,0.0677692116666809,2.6183535684743e-05,2.61835356840183e-05,0.0158835550006074,2.61835356819457e-05,2.61835356862442e-05,0.00665938594259348
"fin_0355-2047_1905-01-05_4-00004_751680.txt.lemmatized",0.282584649745123,0.01879555735841,0.0231796450209994,2.64876376652631e-05,0.28546617543143,2.64876376660712e-05,2.64876376661089e-05,2.64876376653442e-05,2.64876376658698e-05,2.64876376684314e-05,0.193012305334968,2.64876376664938e-05,2.64876376659789e-05,0.106153387381007,2.64876376652284e-05,2.64876376655004e-05,0.0904639404384031,2.64876376651611e-05,2.6487637667629e-05,2.64876376659208e-05
"fin_0355-2047_1905-01-05_4-00005_751680.txt.lemmatized",2.8570780250167e-05,2.85707802488725e-05,2.85707802518496e-05,0.0102959134175438,0.0219777921637882,2.85707802493462e-05,2.85707802500404e-05,2.85707802512978e-05,2.85707802485984e-05,2.85707802496619e-05,0.174555201780004,2.85707802497893e-05,0.0685291366184172,0.670056275000452,0.005362141092984,2.85707802500838e-05,2.85707802513338e-05,2.85707802484602e-05,2.8570780249674e-05,0.0488521197835616
"fin_0355-2047_1905-01-05_4-00006_751680.txt.lemmatized",2.63685401838434e-05,2.6368540181888e-05,2.63685401807785e-05,0.34474146456502,2.63685401823826e-05,2.63685401816323e-05,2.63685401822923e-05,2.63685401824322e-05,2.63685401834673e-05,2.63685401828841e-05,0.0286200189005784,2.63685401801742e-05,2.63685401830822e-05,0.626190251351308,2.63685401785515e-05,2.63685401800595e-05,2.63685401840884e-05,2.63685401805588e-05,2.63685401840961e-05,2.63685401816579e-05
"fin_0355-2047_1905-01-05_4-00007_751680.txt.lemmatized",0.0483952175834872,2.81399137106129e-05,2.81399137106688e-05,0.0140605402709856,2.81399137105578e-05,2.81399137102071e-05,2.81399137106576e-05,0.0650389984465388,0.246811908043472,2.81399137112561e-05,0.014492377157263,2.81399137082512e-05,2.81399137112207e-05,0.50520635014223,2.81399137192502e-05,0.0558823643517248,0.0497745650397679,2.81399137064073e-05,2.813991370996e-05,2.81399137115386e-05
"fin_0355-2047_1905-01-05_4-00008_751680.txt.lemmatized",3.57955573624892e-05,3.57955573637045e-05,0.262312325283272,3.57955573601541e-05,3.57955573634849e-05,3.57955573659212e-05,3.57955573645416e-05,0.0659263540563606,3.57955573624728e-05,3.57955573615981e-05,3.57955573616976e-05,0.0271376381658578,3.57955573632435e-05,3.57955573627245e-05,0.635164560448383,3.57955573629991e-05,3.57955573644538e-05,0.00892218868568088,3.57955573625157e-05,3.57955573637908e-05
"fin_0355-2047_1905-01-06_5-00001_751681.txt.lemmatized",6.3662778160724e-05,0.101444142828546,6.36627781627703e-05,6.36627781619627e-05,0.0134150040953605,6.36627781663428e-05,6.36627781661691e-05,0.0780611628551673,6.36627781635813e-05,6.36627781674183e-05,6.36627781626444e-05,0.799213763941932,6.36627781655925e-05,6.36627781596158e-05,0.00691098460652711,6.36627781684337e-05,6.36627781664187e-05,6.36627781677801e-05,6.36627781624099e-05,6.36627781655729e-05
"fin_0355-2047_1905-01-06_5-00002_751681.txt.lemmatized",5.53382776502932e-05,0.522484909264934,5.53382776428877e-05,5.53382776465777e-05,5.53382776418478e-05,5.53382776412768e-05,5.53382776483858e-05,5.5338277638114e-05,5.53382776453414e-05,5.53382776530177e-05,5.53382776476865e-05,5.53382776427743e-05,5.53382776482526e-05,5.53382776511173e-05,5.53382776396056e-05,5.5338277643667e-05,0.0217297396686121,0.454844600346485,5.53382776430413e-05,5.5338277644632e-05
"fin_0355-2047_1905-01-06_5-00003_751681.txt.lemmatized",0.598542517088989,2.5218434413479e-05,2.52184344115183e-05,2.52184344134269e-05,0.00793074813188573,2.52184344115529e-05,2.5218434413111e-05,0.00847224803408852,2.52184344123115e-05,0.156781573323768,2.52184344126954e-05,2.52184344120615e-05,2.5218434412336e-05,0.0495759739804858,2.52184344126577e-05,0.0211436084100117,0.00644631351734715,2.52184344108773e-05,2.52184344125986e-05,0.150804396300475
"fin_0355-2047_1905-01-06_5-00004_751681.txt.lemmatized",0.494409551035187,2.50186322143308e-05,2.50186322109798e-05,2.50186322116651e-05,0.097471796611322,2.50186322140442e-05,2.50186322146138e-05,2.5018632213868e-05,2.50186322131752e-05,2.50186322121926e-05,2.5018632214576e-05,2.50186322142618e-05,2.50186322132899e-05,0.310718941516004,2.50186322121122e-05,0.0325042950377768,2.50186322144892e-05,2.50186322130228e-05,2.50186322139067e-05,0.0645201363165104
"fin_0355-2047_1905-01-06_5-00005_751681.txt.lemmatized",0.553538641649516,0.00889345471225219,0.0351494523569957,2.67639425242362e-05,2.67639425265686e-05,2.67639425257878e-05,0.0848080286556438,2.67639425248364e-05,2.67639425253236e-05,0.0269552545837922,0.0584537383399107,2.67639425250806e-05,2.67639425266297e-05,0.15769437473114,2.67639425273535e-05,2.67639425274704e-05,2.67639425261285e-05,2.67639425240725e-05,0.0741858876604393,2.67639425261412e-05
"fin_0355-2047_1905-01-06_5-00006_751681.txt.lemmatized",2.69219122022268e-05,2.69219122004043e-05,2.69219121992205e-05,0.363183683097947,2.69219122008898e-05,2.69219122007708e-05,2.69219122012445e-05,2.69219121999962e-05,2.69219122017597e-05,2.69219122012156e-05,2.69219122021918e-05,2.69219121986364e-05,2.6921912200825e-05,0.636331722482448,2.69219121995188e-05,2.69219121981482e-05,2.69219122013603e-05,2.69219121961447e-05,2.69219122011443e-05,2.69219121994344e-05
"fin_0355-2047_1905-01-06_5-00007_751681.txt.lemmatized",2.76099793252481e-05,2.76099793231136e-05,2.76099793226664e-05,0.224634405030002,2.76099793259755e-05,2.76099793242284e-05,2.76099793242235e-05,0.122299264858699,2.76099793259378e-05,2.76099793243325e-05,0.0125502859781739,2.76099793238226e-05,2.76099793251071e-05,0.553248226765328,2.76099793225519e-05,0.0394054837010895,0.047475793956168,2.76099793227975e-05,2.76099793248266e-05,2.76099793248892e-05
"fin_0355-2047_1905-01-06_5-00008_751681.txt.lemmatized",3.35433833351877e-05,3.35433833378023e-05,0.393712635150444,3.35433833334493e-05,3.35433833351504e-05,3.35433833368302e-05,3.35433833376368e-05,0.023124681389841,3.35433833362497e-05,3.35433833345747e-05,3.35433833344385e-05,3.35433833385935e-05,3.35433833365453e-05,3.35433833347707e-05,0.582592445943001,3.35433833375587e-05,3.35433833354933e-05,3.3543383335635e-05,3.35433833377264e-05,3.35433833361925e-05
"fin_0355-2047_1905-01-08_6-00001_751682.txt.lemmatized",8.1804260636738e-05,0.123808397545441,8.18042606425098e-05,8.18042606338569e-05,8.18042606501038e-05,8.18042606448796e-05,8.18042606417569e-05,8.18042606470071e-05,8.18042606364203e-05,8.1804260639068e-05,8.18042606376941e-05,0.858894946434018,8.18042606381577e-05,8.18042606346439e-05,8.18042606371432e-05,0.015905983589646,8.18042606468293e-05,8.18042606465428e-05,8.18042606359881e-05,8.1804260645134e-05
"fin_0355-2047_1905-01-08_6-00002_751682.txt.lemmatized",3.9065736996242e-05,0.667413538182101,3.9065737001055e-05,3.90657369962902e-05,3.90657369986595e-05,3.90657369980182e-05,3.90657369983978e-05,0.0941466349388881,3.90657369977284e-05,3.90657369971954e-05,3.90657369992828e-05,3.9065737000848e-05,3.90657369977277e-05,3.90657369965606e-05,3.90657369966954e-05,0.0211525305934435,3.90657369985447e-05,0.216662244493596,3.90657369991402e-05,3.90657369986373e-05
"fin_0355-2047_1905-01-08_6-00003_751682.txt.lemmatized",0.206303204239879,3.03897385420745e-05,3.03897385438083e-05,0.00748658602496413,3.0389738544215e-05,3.03897385434607e-05,3.03897385423015e-05,3.03897385420291e-05,3.03897385439859e-05,3.03897385431993e-05,3.03897385451526e-05,3.03897385426081e-05,0.149289634619696,0.246210541094633,3.03897385420535e-05,0.0376898248285884,3.0389738544818e-05,0.162418768279207,3.03897385434752e-05,0.190206374311969
"fin_0355-2047_1905-01-08_6-00004_751682.txt.lemmatized",0.571250288940146,2.16992501948108e-05,2.16992501922283e-05,2.16992501923567e-05,0.2982548290281,2.16992501940758e-05,2.1699250193219e-05,2.16992501917492e-05,2.16992501921941e-05,0.0489313787348576,2.1699250193163e-05,2.16992501941471e-05,2.16992501930854e-05,0.0812163152938087,2.16992501918248e-05,2.1699250192852e-05,2.16992501935089e-05,2.1699250191147e-05,2.16992501930664e-05,2.16992501938443e-05
"fin_0355-2047_1905-01-08_6-00005_751682.txt.lemmatized",0.471497035943636,0.0272734921339379,2.52339360786594e-05,2.52339360765857e-05,0.0388837638795382,2.52339360769568e-05,2.52339360777458e-05,2.52339360772618e-05,2.52339360765722e-05,0.0153732169637138,0.0622975666776501,2.52339360775349e-05,0.00817923990450396,0.301978582477343,2.52339360748167e-05,2.52339360758493e-05,2.52339360779905e-05,2.5233936074827e-05,0.0742142947867545,2.52339360780785e-05
"fin_0355-2047_1905-01-08_6-00006_751682.txt.lemmatized",3.12218142157729e-05,3.1221814214041e-05,3.12218142159378e-05,0.464399946920046,3.12218142155602e-05,3.12218142138907e-05,3.12218142147693e-05,3.12218142147188e-05,3.12218142159314e-05,3.12218142157419e-05,3.12218142148153e-05,3.12218142148766e-05,3.12218142142252e-05,0.535038060424091,3.12218142133831e-05,3.12218142126506e-05,3.12218142161786e-05,3.12218142118963e-05,3.122181421474e-05,3.12218142141929e-05
"fin_0355-2047_1905-01-08_6-00007_751682.txt.lemmatized",2.61501770606132e-05,0.0168966590139504,2.61501770602852e-05,0.0179522768347307,2.61501770608211e-05,2.61501770601801e-05,2.61501770598267e-05,0.116427445446298,0.363209435384091,2.61501770598972e-05,0.105625702110457,2.61501770601524e-05,2.6150177060304e-05,0.379522378731635,2.61501770588555e-05,2.61501770599589e-05,2.61501770594762e-05,2.61501770579842e-05,2.61501770595874e-05,2.61501770598696e-05
"fin_0355-2047_1905-01-08_6-00008_751682.txt.lemmatized",4.63424288376466e-05,4.63424288410805e-05,0.95689683078714,4.63424288355101e-05,4.63424288402694e-05,4.63424288396029e-05,4.6342428841946e-05,0.0422690054937448,4.63424288371247e-05,4.63424288401463e-05,4.63424288385431e-05,4.63424288432954e-05,4.63424288409047e-05,4.63424288366235e-05,4.63424288412851e-05,4.63424288461271e-05,4.63424288390164e-05,4.63424288355329e-05,4.63424288397576e-05,4.63424288409985e-05
"fin_0355-2047_1905-01-10_7-00001_751683.txt.lemmatized",6.174759268844e-05,0.263323710997786,6.17475926910782e-05,6.174759268713e-05,6.17475926891913e-05,6.17475926935259e-05,6.17475926905187e-05,0.0736850861266755,6.17475926911994e-05,6.17475926903506e-05,6.17475926941988e-05,0.586643995284519,6.17475926923785e-05,6.17475926866048e-05,6.17475926860215e-05,6.17475926904063e-05,0.0753592461079796,6.17475926905081e-05,6.17475926893379e-05,6.1747592688928e-05
"fin_0355-2047_1905-01-10_7-00002_751683.txt.lemmatized",4.04117426105664e-05,0.150627874415348,4.04117426072448e-05,4.04117426088482e-05,4.04117426062528e-05,4.0411742607149e-05,4.04117426070463e-05,4.04117426083506e-05,0.0364411893738397,4.04117426095234e-05,0.00947447709699909,4.04117426073195e-05,4.04117426112248e-05,0.117261624198629,4.04117426045782e-05,4.04117426094215e-05,4.04117426102858e-05,0.588299343093492,4.04117426093229e-05,0.0973297274251759
"fin_0355-2047_1905-01-10_7-00003_751683.txt.lemmatized",0.230674499525615,2.70817577294125e-05,2.70817577259644e-05,2.70817577274826e-05,0.141506460235669,2.70817577276794e-05,2.70817577279769e-05,2.70817577268926e-05,2.70817577275957e-05,2.70817577290378e-05,2.70817577292956e-05,2.7081757726908e-05,2.70817577280596e-05,0.354411641627785,2.70817577298244e-05,2.70817577301628e-05,0.0220686090848449,2.70817577250791e-05,2.70817577289863e-05,0.250932563160166
"fin_0355-2047_1905-01-10_7-00004_751683.txt.lemmatized",0.681665433551566,2.57080143074521e-05,2.5708014307339e-05,2.57080143054831e-05,2.5708014307062e-05,0.0055705638042023,2.57080143060742e-05,2.57080143059657e-05,2.57080143054149e-05,2.57080143067382e-05,0.0625659568970298,2.57080143063284e-05,0.0527565904758064,0.13154002543796,2.5708014304103e-05,2.57080143048337e-05,0.0389592406478917,2.57080143034776e-05,2.5708014305919e-05,0.0266079849995675
"fin_0355-2047_1905-01-10_7-00005_751683.txt.lemmatized",0.379201423381172,2.66423530646996e-05,2.66423530659748e-05,2.6642353063302e-05,0.0220527135456447,2.66423530661179e-05,0.0226224171681853,2.66423530659409e-05,2.66423530642166e-05,2.66423530637343e-05,0.0339566896438833,2.66423530667911e-05,0.133044875600681,0.294270270154703,2.66423530624375e-05,2.66423530644872e-05,2.66423530664008e-05,2.66423530626527e-05,0.114505259915889,2.664235306551e-05
"fin_0355-2047_1905-01-10_7-00006_751683.txt.lemmatized",2.64876376658353e-05,2.64876376623326e-05,2.64876376614295e-05,0.359338341690329,2.64876376643312e-05,2.6487637662288e-05,2.64876376652194e-05,2.6487637661448e-05,2.64876376661438e-05,2.64876376668258e-05,2.64876376648414e-05,2.64876376617671e-05,2.64876376647652e-05,0.640184880831727,2.6487637660341e-05,2.64876376615876e-05,2.64876376675215e-05,2.64876376599365e-05,2.64876376643855e-05,2.64876376635446e-05
"fin_0355-2047_1905-01-10_7-00007_751683.txt.lemmatized",2.73706642841429e-05,2.73706642857087e-05,2.73706642845014e-05,2.73706642835694e-05,0.0875488427123685,2.7370664286019e-05,2.73706642823677e-05,0.236673466628288,0.0552394006102957,2.73706642830369e-05,0.304453998234636,2.73706642857127e-05,2.73706642837938e-05,0.230915269705518,2.73706642839383e-05,2.737066428417e-05,0.084785832808922,2.73706642797123e-05,2.73706642824799e-05,2.73706642837662e-05
"fin_0355-2047_1905-01-10_7-00008_751683.txt.lemmatized",2.70104815465783e-05,2.70104815520404e-05,2.70104815502978e-05,2.70104815474155e-05,2.70104815487296e-05,0.41401398792027,2.70104815482557e-05,0.0221253524911668,2.70104815466312e-05,2.70104815466799e-05,2.7010481547244e-05,2.70104815518829e-05,2.70104815474099e-05,2.7010481546106e-05,0.563401481402232,2.70104815534182e-05,2.70104815467852e-05,2.70104815555891e-05,2.70104815473438e-05,2.70104815486247e-05
"fin_0355-2047_1905-01-11_8-00001_751684.txt.lemmatized",6.99550563890656e-05,0.383368310141175,6.99550563781971e-05,6.99550563820606e-05,6.99550563788495e-05,6.99550563809836e-05,6.99550563818054e-05,6.99550563791274e-05,6.99550563865772e-05,6.99550563808517e-05,6.99550563827605e-05,0.61537249884394,6.99550563867096e-05,6.99550563943919e-05,6.99550563738978e-05,6.99550563819587e-05,6.99550563862983e-05,6.99550563753627e-05,6.99550563810348e-05,6.99550563856146e-05
"fin_0355-2047_1905-01-11_8-00002_751684.txt.lemmatized",4.10995531483393e-05,0.149439084918496,4.1099553147165e-05,4.10995531485093e-05,4.10995531478138e-05,4.10995531458625e-05,4.10995531462263e-05,4.10995531477623e-05,4.10995531473949e-05,4.10995531457638e-05,4.10995531482093e-05,4.10995531463047e-05,4.10995531484669e-05,0.0141260820428275,4.10995531491415e-05,4.10995531470823e-05,0.244244194279324,0.157016623885448,4.10995531476458e-05,0.434557521576692
"fin_0355-2047_1905-01-11_8-00004_751684.txt.lemmatized",0.510869939908393,2.12060398200211e-05,2.12060398199258e-05,2.12060398212933e-05,2.1206039821532e-05,2.12060398195878e-05,2.12060398209994e-05,2.12060398220894e-05,2.12060398213753e-05,0.0590228260946003,0.149449457826092,2.12060398201303e-05,0.171119363446096,0.046443301669262,2.12060398177248e-05,2.12060398196637e-05,2.12060398198278e-05,2.12060398170925e-05,0.0627982264980745,2.12060398206756e-05
"fin_0355-2047_1905-01-11_8-00005_751684.txt.lemmatized",2.35814579210616e-05,2.35814579211715e-05,2.35814579201985e-05,0.344639478962728,2.35814579212097e-05,2.35814579202845e-05,2.35814579204386e-05,0.063816414372221,0.0799465160450547,2.35814579221908e-05,0.202440846701844,2.35814579209301e-05,2.35814579210041e-05,0.129649439392034,2.35814579189538e-05,2.35814579217629e-05,0.179177164115223,2.35814579214039e-05,2.35814579215221e-05,2.35814579223877e-05
"fin_0355-2047_1905-01-11_8-00006_751684.txt.lemmatized",2.88519055015326e-05,2.88519055048743e-05,0.0563379045051113,2.8851905501765e-05,2.88519055039962e-05,2.88519055050929e-05,2.88519055025606e-05,0.0720047163469424,2.88519055020171e-05,2.88519055019546e-05,2.88519055026211e-05,2.88519055055259e-05,2.8851905502248e-05,2.88519055013958e-05,0.600028426137755,0.271167322522144,2.8851905503601e-05,2.88519055026e-05,2.88519055023533e-05,2.88519055033677e-05
"fin_0355-2047_1905-01-11_8-00007_751684.txt.lemmatized",0.000483973155797416,0.000483973155800678,0.000483973155884637,0.000483973155789872,0.000483973155770652,0.000483973155759898,0.000483973155776515,0.000483973155831782,0.000483973155794942,0.925797053952562,0.000483973155850911,0.0654914292429801,0.000483973155831504,0.00048397315578091,0.00048397315581019,0.000483973155780408,0.000483973155841767,0.000483973155762203,0.000483973155805856,0.000483973155787429
"fin_0355-2047_1905-01-11_8-00008_751684.txt.lemmatized",0.000237535325364511,0.000237535325292279,0.000237535325293205,0.000237535325314252,0.000237535325299721,0.000237535325287324,0.000237535325303226,0.00023753532529197,0.000237535325325235,0.995486828819136,0.000237535325317303,0.000237535325287783,0.000237535325328436,0.000237535325350425,0.000237535325296014,0.000237535325289581,0.000237535325300413,0.000237535325287159,0.000237535325310228,0.00023753532532452
"fin_0355-2047_1905-01-11_8-00009_751684.txt.lemmatized",0.000247562686522549,0.000247562686461201,0.000247562686466971,0.000247562686538335,0.000247562686523778,0.00024756268650474,0.00024756268649236,0.000247562686475502,0.0002475626865251,0.995296308956419,0.000247562686506317,0.000247562686465717,0.000247562686519666,0.000247562686537684,0.00024756268645512,0.000247562686477086,0.000247562686498965,0.000247562686551898,0.000247562686514575,0.000247562686543006
"fin_0355-2047_1905-01-11_8-00010_751684.txt.lemmatized",0.000287430359452268,0.00028743035936717,0.000287430359372571,0.000287430359412618,0.000287430359401911,0.000287430359369872,0.00028743035941045,0.000287430359375337,0.000287430359441518,0.994538823171418,0.000287430359421833,0.00028743035938032,0.000287430359423827,0.000287430359422882,0.000287430359358168,0.00028743035937597,0.000287430359418633,0.000287430359364675,0.000287430359409352,0.000287430359403145
"fin_0355-2047_1905-01-11_8-00011_751684.txt.lemmatized",0.000265151961655458,0.000265151961592171,0.000265151961630779,0.000265151961642145,0.000265151961634797,0.000265151961599214,0.000265151961623242,0.000265151961593916,0.000265151961646496,0.994962112729102,0.000265151961651424,0.000265151961601914,0.000265151961644852,0.000265151961643697,0.000265151961626449,0.000265151961601681,0.000265151961635154,0.000265151961588241,0.000265151961635044,0.000265151961651627
"fin_0355-2047_1905-01-11_8-00012_751684.txt.lemmatized",0.000250585042061314,0.000250585041999815,0.000250585042008142,0.0364162946036313,0.000250585042025118,0.000250585042017034,0.000250585042025256,0.000250585042009653,0.000250585042059573,0.959073174639908,0.000250585042027167,0.000250585042001431,0.00025058504205897,0.000250585042052879,0.000250585041994308,0.000250585042008362,0.000250585042030336,0.000250585041994428,0.000250585042029725,0.000250585042057216
"fin_0355-2047_1905-01-11_8-00014_751684.txt.lemmatized",0.000244612368553449,0.000244612368526783,0.000244612368540758,0.000244612368571346,0.000244612368525875,0.000244612368519588,0.000244612368549863,0.00024461236854539,0.023829723123065,0.971767254243135,0.000244612368543949,0.00024461236854942,0.000244612368553937,0.000244612368548999,0.000244612368513652,0.000244612368536792,0.000244612368568404,0.000244612368515444,0.000244612368570406,0.000244612368566385
"fin_0355-2047_1905-01-11_8-00015_751684.txt.lemmatized",0.000255259525032143,0.000255259524958073,0.000255259524973956,0.000255259524972815,0.000255259524977318,0.000255259524961248,0.000255259524983861,0.0002552595249934,0.000255259524990601,0.861593333914929,0.000255259524988976,0.000255259524974357,0.000255259525001806,0.00025525952501688,0.000255259524953461,0.000255259524964264,0.000255259524980488,0.000255259524950215,0.000255259524975577,0.133811994635421
"fin_0355-2047_1905-01-11_8-00016_751684.txt.lemmatized",0.00025212406349769,0.000252124063436517,0.000252124063428231,0.000252124063451499,0.000252124063468003,0.000252124063451285,0.000252124063449008,0.000252124063441165,0.00025212406346288,0.995209642794339,0.000252124063476656,0.000252124063432236,0.000252124063477293,0.000252124063495729,0.000252124063414967,0.000252124063434368,0.000252124063469703,0.000252124063451566,0.000252124063450615,0.000252124063471806
"fin_0355-2047_1905-01-11_8-00017_751684.txt.lemmatized",0.000283460903152654,0.000283460903080374,0.000283460903087179,0.000283460903133026,0.000283460903123158,0.000283460903093116,0.00028346090312768,0.000283460903104392,0.000283460903133385,0.710370136820613,0.000283460903138556,0.000283460903086966,0.000283460903146313,0.136416890043179,0.000283460903066315,0.000283460903087766,0.000283460903110669,0.000283460903069108,0.000283460903129538,0.148394137783338
"fin_0355-2047_1905-01-11_8-00018_751684.txt.lemmatized",0.000263450317316979,0.000263450317250224,0.000263450317269944,0.000263450317270727,0.000263450317285631,0.000263450317269753,0.000263450317278072,0.000263450317273844,0.000263450317288712,0.945362765346147,0.000263450317292769,0.00026345031726638,0.000263450317292752,0.0498951289428684,0.000263450317239466,0.000263450317281819,0.000263450317288409,0.000263450317234538,0.000263450317277961,0.000263450317306712
"fin_0355-2047_1905-01-11_8-00019_751684.txt.lemmatized",0.179926085316753,0.000255259524958911,0.000255259524964029,0.000255259524991805,0.000255259524977932,0.000255259524974772,0.000255259524979284,0.00025525952499092,0.000255259524981477,0.815479243233632,0.000255259524977893,0.000255259524979777,0.00025525952497953,0.00025525952502587,0.000255259524951541,0.000255259524956586,0.000255259524989772,0.000255259524948177,0.000255259524982678,0.000255259525004959
"fin_0355-2047_1905-01-11_8-00020_751684.txt.lemmatized",0.461836972494704,0.000313795879707533,0.000313795879713124,0.000313795879773742,0.000313795879743613,0.000313795879744685,0.000313795879762303,0.00031379587972885,0.000313795879786283,0.532514701669813,0.000313795879783244,0.000313795879717251,0.000313795879770387,0.000313795879778184,0.000313795879687978,0.000313795879728954,0.000313795879756341,0.000313795879712272,0.000313795879786448,0.000313795879802465
"fin_0355-2047_1905-01-11_8-00021_751684.txt.lemmatized",0.440535170402567,0.000258473954906095,0.000258473954914889,0.000258473954958688,0.000258473954936674,0.000258473954922448,0.000258473954938336,0.000258473954921257,0.000258473954977778,0.55481229840858,0.000258473954960139,0.000258473954911624,0.000258473954972564,0.00025847395497629,0.000258473954892917,0.0002584739549239,0.000258473954933185,0.00025847395489786,0.000258473954962949,0.000258473954945222
"fin_0355-2047_1905-01-11_8-00022_751684.txt.lemmatized",0.268998644141994,0.000323693162512818,0.000323693162510163,0.000323693162553183,0.000323693162527785,0.000323693162503125,0.000323693162541465,0.000323693162514608,0.000323693162562931,0.725174878932485,0.000323693162562139,0.00032369316250768,0.000323693162547388,0.00032369316257436,0.000323693162472663,0.000323693162494344,0.000323693162549108,0.000323693162503158,0.00032369316253809,0.000323693162545426
"fin_0355-2047_1905-01-11_8-00023_751684.txt.lemmatized",0.0821381939947765,0.000318667691369907,0.00031866769136882,0.000318667691400333,0.000318667691393957,0.000318667691373696,0.000318667691391861,0.000318667691378383,0.00031866769142085,0.912125787560163,0.000318667691392038,0.000318667691373409,0.000318667691422132,0.000318667691460598,0.000318667691353826,0.000318667691385299,0.000318667691390325,0.000318667691359667,0.000318667691388896,0.000318667691436238
"fin_0355-2047_1905-01-11_8-00024_751684.txt.lemmatized",0.000331535768577876,0.000331535768469885,0.000331535768467167,0.00033153576847929,0.000331535768483102,0.000331535768471051,0.000331535768492368,0.000331535768524425,0.000331535768499681,0.993700820398497,0.000331535768478894,0.000331535768512602,0.000331535768491383,0.000331535768600747,0.000331535768464495,0.000331535768483759,0.000331535768514873,0.000331535768482669,0.000331535768490861,0.000331535768518123
"fin_0355-2047_1905-01-11_8-00025_751684.txt.lemmatized",0.000302244064191929,0.000302244064136104,0.000302244064141454,0.000302244064146197,0.000302244064141443,0.000302244064125502,0.00030224406416987,0.000302244064128881,0.000302244064170221,0.994257362781042,0.000302244064165299,0.000302244064171241,0.00030224406418284,0.000302244064212436,0.000302244064108241,0.000302244064122942,0.000302244064198923,0.0003022440640993,0.000302244064168094,0.000302244064177212
"fin_0355-2047_1905-01-11_8-00026_751684.txt.lemmatized",0.000384297930553546,0.000384297930660756,0.000384297930565475,0.000384297930509806,0.000384297930535681,0.000384297930582043,0.000384297930546089,0.000384297930637602,0.000384297930541158,0.992698339319417,0.000384297930556582,0.000384297930662318,0.00038429793054071,0.000384297930525165,0.000384297930505775,0.00038429793055118,0.000384297930551889,0.000384297930526841,0.000384297930505023,0.000384297930525321
"fin_0355-2047_1905-01-11_8-00027_751684.txt.lemmatized",0.000323693162569286,0.000323693162523264,0.000323693162521215,0.000323693162541077,0.000323693162517309,0.00032369316249066,0.000323693162506053,0.000323693162579634,0.000323693162508273,0.912915833842846,0.000323693162517974,0.000323693162549367,0.000323693162525868,0.0812576892316667,0.000323693162496605,0.000323693162528084,0.000323693162530081,0.000323693162488116,0.000323693162533806,0.000323693162560982
"fin_0355-2047_1905-01-11_8-00028_751684.txt.lemmatized",0.00036711431324813,0.000367114313147312,0.000367114313143207,0.000367114313147318,0.000367114313154611,0.000367114313116785,0.000367114313159424,0.000367114313256229,0.000367114313172104,0.878601249346392,0.000367114313155375,0.000367114313185625,0.000367114313162087,0.000367114313263587,0.000367114313133143,0.000367114313161421,0.000367114313174189,0.000367114313113921,0.000367114313168525,0.114790693016545
"fin_0355-2047_1905-01-11_8-00029_751684.txt.lemmatized",0.000287430359444213,0.000287430359392894,0.000287430359412254,0.000287430359433837,0.000287430359444095,0.000287430359400099,0.000287430359424121,0.000287430359450553,0.00028743035942552,0.657816903733247,0.000287430359399128,0.000287430359442889,0.000287430359435571,0.108751809381157,0.000287430359389049,0.000287430359403929,0.000287430359426918,0.000287430359405772,0.00028743035941453,0.228544970775451
"fin_0355-2047_1905-01-11_8-00030_751684.txt.lemmatized",0.000419655170811613,0.000419655170772546,0.00041965517076004,0.000419655170785657,0.000419655170777103,0.000419655170808401,0.00041965517078582,0.000419655170823419,0.000419655170782344,0.468864056686765,0.000419655170745625,0.246682110046794,0.000419655170786555,0.277319695363143,0.000419655170740054,0.000419655170772663,0.000419655170801404,0.000419655170709552,0.000419655170799439,0.000419655170834862
"fin_0355-2047_1905-01-12_9-00001_751685.txt.lemmatized",7.507227415734e-05,0.594995370444083,7.50722741599676e-05,7.50722741482916e-05,7.50722741565735e-05,7.50722741565417e-05,7.50722741546766e-05,7.50722741515013e-05,7.50722741521641e-05,7.50722741507247e-05,7.50722741552681e-05,0.16127855273383,7.50722741514938e-05,7.50722741545405e-05,7.50722741612793e-05,7.50722741657456e-05,7.50722741641758e-05,0.242449848161441,7.5072274150784e-05,7.50722741552632e-05
"fin_0355-2047_1905-01-12_9-00002_751685.txt.lemmatized",0.279446607381617,3.08001577119083e-05,3.08001577113633e-05,3.08001577117273e-05,3.08001577120951e-05,3.0800157712603e-05,3.08001577111769e-05,3.080015771265e-05,0.0111767498409903,0.0645592775945845,0.0698247912614279,3.08001577115273e-05,0.0999565344116876,0.0558414581412526,3.08001577146665e-05,3.08001577112882e-05,0.0590065480792549,0.154339881982573,3.08001577109432e-05,0.20550934957178
